3192825423     2485513142         1218128503  17103369022265826302       7720268352    2047424773        2963260724  9576302271    1134260832
2913018846         1429532168         2115321520    1861049516  2877318470 1750527593         2826219420   2573418114        2266357062       4071248081
2229629855       1261119019    1293330137       1861049516       1824012164 3162764672      27938690031050810080   2219018422   5565380575
1073714091        32685253133003821388 1258124399       1637116760       2095243651      19426285107128184345    1098710761        2154864832
2888839173 4213271092   1164375341  3107125236     9961395964         1985499902     11784155655869143981 1757883651       6907949128
2162428019     22549174373093143433 1853812292    9815269492      2258721398       2999629152 5967244084   2118428074        2643917253
117013131616955231838793343221 6459206431  2744623805    2686713189      2845826612        1796827358        2976329901      5302461121
18132299562261923971  16202263421949725892        1433322925       1989554472       2595165411      1153129962       2791810866 2681624230
29292599712903320881     2008311420      2324525508      2995267824    71955065151293330137  2230720997        2455578151  1125833587
2060160772     5131301141    2179466089       2144164463         2708831426    3829237752       5967244084      7783168287     2003712859       2661026177
1552914788    5716105733     1840314972         1546922912  1620214971  1511716215    1462520113     3054827273         1608014868 1164375341
2530232683   8616575020 3497232432 2418210285    1992333593     2643917253        1399821083        4565655989  30106904082088294312
8360133302 1339213210 5844326091    1178415565        2421143106  1303016413    1543196581   87142694621630316634     1136931244
1956986382         1552914788    1011612249       1009220121    2032629011        3010917984   1722631203        1870311027     1941202898     1746182901
2737210293  2088814146        2371797141       1746182901 2027819489   2369923188    2961448602 1570863694        1035321416         2800927157
7038985325      1011612249      1339213210        2955625561    2261923971      11531299621980122850         8486345520     3192825423  2965779586
2002426154   25824293342876111056  1695613932    1273416372   29617909923227017632        2007327504       8486345520   3004821051
5131301141     9111163510    7448252001    2623286649       2870412835     1329091611         6135180081        1302229617   1354921578      2665327936
17022724021429532168    2573418114 1615260911  1133715457   1382930900         7711282536  6693087525       3136115264      3102848029
1207928768  1275014007 28650259837072295520       2582429334 1935723246   2265826302   2007212818    1511716215 1892136981
1146227611        1452231088      1932319532    72005071189462327032       2666715282     7670205382        1010347501    64222494621443173118
1969595731       2348110122    1827115813 1105879269        7900191878  1073714091     3107125236     2741495468      1178415565       1546922912
2468412779  1853812292     4639296582       2868926113     3004821051        1433322925         4919177802      5000542175   2005391210        5938190376
2223221422   1167223439  1910511807  2548410182        3262774989   3052726251    1630316634      241292422921794660892883166218
2541121025      6693087525        2455578151        8184707528   1207928768     1446022428     1035321416       8838148447      1722631203         1424373492
3198273282       1136931244        3087720424 1865110021    1764172312     1460626173  2371797141         2233618397     2578321286    2862103961
1926422648       9894287032    1796827358 1267740677  1668712529        2807074872        2733821963 1401369426 3030362241    2331832726
2325819047    6748565110    9515179642     3163516857       9261125782     22913110752643452042    1190336762    5967244084       1481112412
1114930931         2067157861     2582813851  3169013162 2363929515       1232459637      4639296582         3055630974        1628212455  1896511001
2047424773   5097165122    9832309324     2886958147        1448619199     1935723246  162022634223487271966477185031    2369219771
9248260182         2327123869 1228727753     1935723246         2007821724 2475061493    4940208511  1861049516     1668313716    2908727681
1642350021   2626027189         2284846751         7103273522       2951047452  2272513031 8486345520     3274531762 2233618397 1399821083
1119159738   1835220448 8935291261      5108211131   2763327037     27414954682679832179  1728227007   2677715573 8486345520
2048213552    9492565128      7514101685        19357232467492619328 2405024155      2368551948    2681979751      2533389310       2060160772
71722529993258824710   8805323723        3902153292      1106951543   2085526363    2986630953 2145917825  1986612949     2880114723
1316923831       3340134878     2807074872  2066312259         3192825423 1788911447      2199132196 1326110195   1869199122         1992333593
1479815281     7129216155     3225529065      2862103961     2018323589       2307378823     2868926113 8153132324         3107125236     2383824828
2737210293  8909322099    3081119814    1869199122   5302461121         2154528712   3523317581        1257090594     3266232757     1326110195
2307378823        7670205382  2800180873        1955823646 20418264891519911785     3136115264     2418210285       1637116760   3169218955
2366122659   1949725892  16683137164118467633     1114930931       23530833191055534341        1119159738     24176184796511227412
3131028182      1879216193         95357208321514519353        3265132765   1587293149        2868519090    2348110122 1980122850     2663207223
1754618678     3110124393    5967244084  6439230312      9601283232       4966737613 2733821963         11647174328184707528      2156222885
2678732714   2412524118 2663024114     56023190722741560853        2789224389     1275910393      3004133518      8779309102       1460626173
3133923154 3235660722 1620214971        5108211131   2567864501     1888225249    2088814146 3019118007 1350930300       3252512648
17168283152061510904     2365515574 1550243531       7783168287      2852069021         1977915993       2831827870   2674022044  2567864501
2733821963 2973167477  3199810322    3167322386         20055203282825184247     8681365287         4098278302         1797526250     2432632762
91661689313018821763       1981522888         2665327936     2007212818      2036329301     2447428633      3266232757    1267740677      2324564732
2743288961        1608126543     2447227152        1063516432    2679832179      23196202222883166218 8075179131         2813514697       1054253451
1306114181 2694324834   20055203286582135781 2327123869     29617909921072224271         30931434331642350021  2389322630
8890167176    2402127348     1996413405  2006125385    3260714196      2807426431         18691991228616575020   2744623805         8360133302
1535015006      2456726693         1136717692       3447502118      1748229447    1299327384  2348110122       3081459948         1152147515       2775320899
2651714629        3523317581       7958247222    2831827870       2446457052   2485513142        2793869003       8146306939         2811824390      6021116621
7586138678   8683821323   4186196901         2369219771 1943563653      2017840423         2647744149  24874911378421175305       1764172312
1827115813  2793869003  9781265041  3192825423  6812746520 1710336902       1273718028 2510210032        2162428019         2266357062
5340120769     1416130524       3102848029   2286726153        3181130931   2352965847        2789224389  9535720832         2104715942       9220311113
26798321792829612673    3270231952       3497232432     2612931240    2902219413     1073714091      6538313511  85632102822682126122
1063516432       1114930931 2694324834   2017840423      3447502118   1891610019       1769152628      2868019926   9462327032     2322419082
2155524917         2220540269        1629022974       1119159738      1479815281 9010221712  2447431920     31552320741639823146     1943563653
1969595731       1861049516         2002426154 1913525051 4693468630 2622229331      1272317982        1956986382       1775246422    2541121025
3054827273        8793343221  4118467633     3258472403        2060160772   1519911785         2240926463 5131301141      2626027189         5340120769
8826681675      15944286513102848029 3902153292     7514101685    9156560217      1926422648 2420896462    2394118477      3274531762
2210415084         2973167477         2048213552       28703556641878615498     1806021718      2602124455         1170131316 2845826612     3128613064
65112274126907949128      5967244084       2307378823 4987294451        2510210032       24865109381836107973     8360133302  2266357062
2459920123         2762129993     5075107122     1582615722 97892560533260450321         192690104729614486021228727753    1242020710
1147712002    2025919008     9576302271  1869611585    35233175811790229873  2055623216   1194248275     8838148447         1786114688
1771319793    3831193693         2284846751  3267114571      2419929105  21112365021935723246 28689261131909788802       1490228255
6540767923      2412524118 2281395141         7448252001  2880114723   1987711382    3235660722        3199810322  3753161391  2368286922
2004026488      3065270652      2845826612        2082596761 15568442212161740151   1654148333   2824594673    2446457052     3181130931
1611820822    2353083319         14893246482808219541    2991658741       2041826489   1615260911      4667728512        2154864832    6932256191
2236377213    1813229956   2384067661     242089646215502435311293323779   1702997513     3343225932        12053169622254994961
2405024155  2115321520    2903320881        2376285832    1245514197     1563258349       4966737613  17482294472681624230       4667728512
1411824065   3122628162    8616575020   1261119019     2055623216        7129216155 1035321416        24125241182842327531       1339213210
1073714091   2582456012       1131182301     2507220426   8890167176 2505827577        4182253911     2412524118    1608014868 1679171102
1788911447         11422210982842327531      7922236131     2870355664      5097165122         1720914972        1960116840    1670325285 2575930189
2582813851 4287269918     4575876295        13452140081084413049  1581432718       2404124423   2651714629     3136115264    2096832512
7462266331    2252584835 1664119855        1697221457 2219018422       2496114199     1134260832     2743288961       7038985325      4031120522
3193415205 14736291413093143433        2241330974       2995267824    2047424773        4449169256       1042230774        1136931244       1386522214
1443173118    1464029174      2448482814    44491692562886958147 3128613064     9198270321        2762129993         2986920142        2002426154
1167223439      9815269492      2372924081     59672440843831193693    2595165411       29250180581054253451         1827115813 4186196901
2141113713      1369424668       2587424372 21085233902264021979      3270724245       2420896462    2694324834      1318683134      1626935785
1424373492      9198270321   8486345520       2955625561       1604105991 2945866023       1915611511        4611319472   1581432718 4287269918
1105879269    3270724245      3829237752    87933432212807426431 2590327005    2575930189  2383824828         3303192328 1397126264
3033821641      2629917035     3065270652  1452231088    14606261732266831068  75424811011937530093   1345214008       7864294218
1282136533    2352965847   2266831068  4186196901        1626935785       2737210293    1941202898    2041826489 2507220426   1029130836
28027408411114930931       1610524488         1275014007       2448482814  1849328596        2006125385     2348727196 2061510904         1639823146
20825967613270231952    1977915993        7670205382         2041628286  3275620807       2104715942      1615260911        31811309312951047452
1519911785        1462520113         1416130524        4987294451       1124329929    2061510904  2979014924   1712423941         2003291301 2154730502
4806122689  1985499902    31196219482005391210         41861969012575930189        2963260724      280821954199301397721668313716
1054253451      12737180282315218630        9277732019      21991321962286144349     3128613064 1837328652 6932256191    6101017149
2448482814      1427029170      3343225932  1985499902        2036329301       4886188752     2049382179        1629022974   1386522214  3225529065
1831891351       2460446232        3055630974        1479024962 9515179642    2420896462         4806122689    18916100192961448602     4031120522
1131182301         6135180081    2418210285       8714269462  2625256275   7518817717       1205316962 2530232683         1824520386 2800927157
7200507118       2201526841  1146227611       1659088232        1069717612  2319919668     1797526250      1105879269 1656516036   7195506515
1737122466         3275620807     2799912504    2595165411        1289031163         1812746737  1443173118  1398528289  1282136533   2888839173
1993225452      1771319793       1824012164   32756208071633618337 2369219771      50494681152870355664         1827115813       3198123302
12181285032824594673  5220146152       3100327432        14333229252018323589   4038189364 7462266331       2485513142 6932256191
1105879269      2455578151         2045011173  3077164112      5844326091     3266232757     7021436413        1704031531      2626027189        3059126803
1967715969         2811824390    1303016413   2582429334       2592812097      1035321416       4975153930         5006132622  3115118423      1615260911
3128613064   3270724245  1960116840 1017813579         1754618678         1318683134      2789224389  1969595731       20671578611719213985
2865025983    8909322099   2661026177         2505827577  21659262929789256053         19611189902408419954    3004133518        3989932023
8153132324      1029130836     29458660232968118490        1716828315    20024261542800927157    2088294312    3217020315     2916890032
1254917469      2733821963         3181130931  9815269492 2962117095      5006132622      2322419082  1710314423   4031120522        9198270321
1318683134  1719213985     2622229331        2348110122     2463718413      2008311420  3133923154   4575876295        8616575020 6705206262
8793343221      3010690408      5602319072      3059126803   9261125782  22104150847586138678   2060052491         2690914902    2681624230
13030164132422711197         1767346641     1981522888    2690914902         2829612673  1416130524    1224431063     22663570622962117095
2541121025   6748565110      2448482814     1608126543         1519911785   1891610019      9930139772       1481112412       2587424372  2284846751
17578836511017813579     2573418114         1177731348        3146162341        1231962722 26943248342199132196    1164375341     2095243651
3487295771      2002426154 1942628510  8928294921    2622229331   1888225249 1519911785 1167223439        3107125236      8394301801
1254917469        154772761631493774082223221422      14398376021967715969     2935826962   7129216155       2987619178       2395549782
3122628162  1719213985        1876216551        24874911372501115601         1579017232     2243129082       2868926113     8928294921      1892136981
1397126264         1139316704   3125018686      6618205801      27938690035602319072     1958920798        2682126122    2097222830       2888839173
3010690408       3065270652       20615109042230720997       9198270321         16080148681606021901    1589067292  4041360224     1869611585
2554276192       1587293149       27338219631578731490 1608014868    1816633961         1767346641    3303192328 94925651282264626362
8805323723        2088294312      2868926113       2999629152     3855673495    2064026052  6439230312 2018323589    8826681675   1136931244
2005391210         1742123445       2017840423         1656516036     2781329174        3181130931 1150169412   8707205022  56023190723545135971
3167322386 2442932404    2143025620        3141819897      9273258411  7195506515   2945866023    2643917253   1231962722     3000321945
2811230695        3225529065     2402127348        2108523390   28689261131611820822 3753161391  60381858871775246422   1073714091
1629022974         2603126268  2442932404        1996413405         7591670431      2762129993      8146306939       8184707528        1122415748 7492619328
2403332029        9894287032    1960116840 1627925996 80233217912432632762  8838148447  6407122952     2868926113     9156560217
2665327936       1881994332  1017813579       1046612044       1813229956    2383824828        7448252001   8153132324        2319919668 3081459948
2027819489    6202811650    1670325285   2908727681        1524838791         1140855459 3102848029         7882170862   2915123015 1939616225
1446022428    29087276811329033351 1720914972 1136931244       6540767923        1588130014   8563210282         2071024484      2743288961
8616575020         162821245529383101332389322630      1293132544 27753208992395549782  1668313716  9781265041      1316131172
1985499902  1119214541 1606021901        2258721398         273721029321153215201142221098 11323553727021436413     1882314485
8681365287       4313243553       25072204263133923154 1656516036        256786450116703252851275910393     1908172231       9374110204
3146162341     28522488231194248275      9072103802      1896511001     1790229873        2625256275      2476649441       2961790992   1329091611
2404124423        2920021080  1326110195         2861418598        7441951230     1238217421  2487491137   3128613064         2384067661  2824594673
2575930189  1907262705        1396634303       4639296582   2082596761       8153132324        1091019737        12935104811598770422         3065270652
1977019022        2678732714       1831891351         2201526841       4182253911         1000416337         18132299566135180081     20493821792861418598
4940208511         2595165411  1174965103        1720626578         2737210293    1134260832  2403332029      1229021293 2979014924         1388254028
2802740841      2596784569    3684916817  1042230774    6477185031  3753161391      3115118423      1106951543     7152302711 3081459948
4693198853     30303622414611319472       2870412835       2663024114      1436922532     1977019022   1335729337       3093143433  2005520328
2365515574   3039302122     5075107122   3030828223         1931418651  1861049516    1916177461      2049382179     28486211963059126803
6101017149       2623286649       12581243992868519090    1748229447 55653805752829612673         1575926702         2447431920 3303192328
5319992641 1758998582         2592812097    2612931240      4041360224        1042230774         2383824828      4919177802 7072295520      2497062872
3000321945  1139316704     1293510481     19097888021937530093        3343225932         2839675726         9492565128    6705206262      1917219864
1354921578     1790229873 1242020710        208259676126667152822602124455     7200507118   32439246262275871645       2592812097
2250188502     1142221098      1908172231  2241330974     2027412993     2057540188   2292452010   1746182901    3105627606       1194248275
2811230695      2485513142        2292452010        2027819489      2041628286 2554721577       2962117095        1654148333    1980122850    1316131172
10555343417670205382        2096832512         1830017954       2822320594  2162428019   3018821763    3260450321  1700686702  2743288961
1836107973        1098710761      4667728512     87192679029248260182 2003712859 2596784569  2371797141   1257090594         2582456012
1490228255     7783168287       1460072782      3243924626    2742861044 4678225932     1656516036      1450743601        4940208511  8194987623
1916177461      9894287032    3033821641       2447431920 7514101685  2995267824 1611820822       1106951543        2666715282      2567864501
1124713584     2315218630     8779309102 2256616360   2989127200     3055630974       1122415748         2261923971     3487295771     2365515574
2548410182  1824012164        99614912998909322099   22409264632831827870 3527116002      28396757262468412779        2690914902
1827115813  8707205022        1502231812      2680940842       1910511807      14893246481604105991       1245514197    3211920577 1627925996
27594795014118467633       2533389310  2681979751         11531299621941202898   3163516857         1985499902  2248317807 1258124399
2048213552    3831193693  1490228255      1411967413      8909322099 245672669316336183372570569621 9072103802    1813229956
2916890032  1326110195       1879216193 1861049516    1511716215    1633618337       1836107973    3107125236        26303142567531314958
1955728962    2567864501        1446022428    2868926113  1750527593     1910511807  2389322630         23196202222485513142        9781265041
5220146152 3222615185       1177731348  1124713584       9815269492         1769152628      1969595731  1871619718 20710244843753161391
2541121025      2420896462   2845826612         3902153292  1917219864       146252011323682869221242020710  2670513874       1396634303
1719213985    2629917035 2394118477        3107125236        1397126264   1836107973  7152302711         1329091611      2104715942    7128184345
2987619178      1956986382        2243129082  3155622798     2826219420    2372924081         1771318958         1339213210         1664119855         3133923154
3260450321  8838148447  2501115601   2796710208 34972324321993225452    48061226892708831426    38311936932071835031
2324564732  1981011599      2929259971      3487295771        1578731490         26303142562629917035         3136115264         8146306939       2503300662
1892136981 1969595731    2651714629 2286144349 6698558912 2125265762        5108211131    3155232074        3258824710  1668313716
2027412993  1888225249   5131301141 7720268352  1306114181        1464029174  28074264313580133172      25903270051401369426
2868519090     1737122466 1069717612         9248260182     2027412993    226402197929151230158360133302     7152302711     3989932023
1746182901  2742861044         1119159738    7229206521       10040931389166168931       2032629011  1875611840   2915123015       3243924626
2066312259         8486345520      6840125701        3102023694      2266710048     8387134442 2331832726      2057540188        6618205801    2505827577
2368551948  4611319472       1986612949      2165926292         27999125042848621196   1878799051     2825184247  2197410711   2161740151
1303016413       2686713189     1702272402 2968118490      8486345520    1164717432     2369923188         2036329301       76161893512417618479
35271160029277732019  1702997513  1339213210  20183235892067157861   2111923152 2789224389     1318683134    9832309324
1572411478   3684916817        2179466089   3388189157     2824594673    2772628666   1674222194  2902219413     3447502118      1131182301
1742123445   7864294218      3262774989        2665327936 4886188752       3071428164       2025919008   1479815281      1009220121    1896511001
1915611511         2961448602     6698558912 2353083319      5938190376  3303192328 1150169412        1439837602    1552914788  1943563653
1278123937        2965779586    2935826962         6038185887        91111635102264021979     2743288961        1552914788       70389853253146162341
2007821724 1670325285    2264021979  2096832512        1788911447 1916177461         21542572112799912504       5177138772        1739822279
28458266121748229447         6477185031       7670205382 1706310681  8714269462  1207413722         1598770422  1790229873         2612931240
2636319552     1140022816  2292452010      2965779586       2201526841    1152147515  2240926463         8838148447       1207492536        1224431063
2104715942        7864294218     7492619328    7783168287     2829612673    1140022816    2395549782     2385619490      1687814140     1997631329
2243129082         2447431920    1000416337 16303166342647744149       30652706526101017149     6021116621 1594727124         3561284892
104223077431673223863266232757 7185302382         1196928978         1464029174 1481112412      1054253451  15987704222876111056
1134260832   8421175305        8563210282    2250188502        1942628510 7958247222 3033821641         2962117095      2229629855  2800180873
4693198853    22587213983258824710        8935291261     6538313511         2307378823         1153129962    2371797141     9166168931 1250310861
2368551948    2261923971  8838148447     1706310681    1729626281      3275620807 560231907228650259832596784569      9261125782
1958920798         2389322630       2179466089   1150169412        9111163510     2955625561        9261125782        1354921578       1017813579       5844326091
2587424372   1238217421  5565380575       1232459637     2504374221    1142221098     1674222194         1852931540  5302461121 6511227412
2220540269     1642350021 1502231812  2936112896  1303016413         8805323723      1527919882         1754618678      2266831068   3217020315
1190336762    9492565128      3167322386       6693087525     5565380575         3265132765    2587424372        1507524515   2938310133  3193415205
2178728532     2027412993        3155622798  17861146887783168287         2240926463      23281168272385619490      1131182301        2112134764
3262774989        2623286649         2394118477  3545135971  1896511001        290872768119611189902008311420      1909788802  2270112193
2365515574    1131182301     2595165411  2544925436         9220311113    1956986382   1788911447        2636319552    16878141402554727644
8153132324 2459920123     1278123937       1960116840  21624280192422118588  1774298592 1386522214      3831193693      2920021080
1868430792  5844326091   2625256275        2825184247   2210415084         1401555652  2868519090       2047223622     1072224271    1202211461
7391102023    9576302271  11192760524038189364      1909513525         4872810636  1145518762 1202211461 16742221942199132196
3561284892         2319620222       3061419567 1813229956       3266232757         1570863694  8184707528         3136115264 7229206521         8023321791
4313243553  1145518762        7922236131 1719213985        2383824828      1278123937    3093143433        1011212717 2460446232     1832209454
2266710048  2908727681     4966737613        3087720424        2366122659       3225529065   1588130014 2057540188         2961448602     1608014868
3042227666      6932256191   4182253911     1909788802      1899010002    1153129962   2442932404     1273416372     95357208321146227611
8976184555         1750527593    2870412835         2371797141  1913525051   225499496123682869221757883651 2272513031   2690914902
2395549782        1042230774 1615260911      8935291261      2743288961         1552914788        3061419567   5764874136      1479024962     1679171102
2394118477   2886958147    10910197377900191878    3343225932    6135180081     1620214971    9815269492     1054253451 2291311075
1462520113 1720914972        1837328652         2998617651        48861887528146306939 2986920142      204501117322861443495108211131
17975262501578731490  64392303122650019169 1275014007      2880114723     6698558912     3169218955       6705647963   2697930971
9156560217 2007821724    1178415565    9781265041         2264021979    2793869003     2800180873       1132355372     2369219771         1581432718
1272317982 2852248823 1702997513       2384414162         1514519353       7129216155  17641723122644321313        1427029170 2417618479
2446457052  6422249462       1302229617       31493774081765932498     9273258411      18361079731869611585  2060052491   5752137581
10112127172455578151         2178728532         1932319532    1955823646   2852069021       59672440841882314485   2868926113    3055630974
1875611840        3004133518      4806122689         2475061493   1054253451       1835220448     2573418114   232456473212079287683829237752
2017840423        7262401303  1011212717         1004093138         8563210282       1620214971      19877113827448252001     2995267824       4038189364
8681365287     8055339387      3042227666  5000542175   1069717612   3684916817   1134260832    1145518762        2265826302      1792224512
2741560853     9261125782         3580133172      1190336762    3146162341    1140855459         2003712859   3274531762      2661026177   3077164112
29168900322791810866         2582813851  1775246422    3149377408   1224431063 7905104407     1824012164    5967244084    7021436413
23682869221980122850     3267817521  6477185031         1543196581         2061510904  3260450321 3030362241        6038241791        9277732019
9462327032  8928294921     8683821323     2110981872     1679171102      6995105225         2270112193   13985282891231962722      7072295520
2272513031  61010171493077164112    1106951543   1840314972   2759479501       2708831426   4118467633   24176184792929259971
1710314423      1136931244         5108211131   12750140071720914972        7200507118        2229629855 29866309538978118911        2686713189
15665107533149377408         1864317465     4071248081  9535720832    3217020315      3268525313     6459206431  2027819489        1758998582
1870311027  2005391210         1628212455 9515179642     4287269918   1177731348   1273416372 1190336762        2829612673       4886188752
1960116840       1227918283       3004133518     1273718028       26809408421515252692      3497232432    57648741362861723757    3246913930
1231962722       1388254028  1835220448   2372924081    1621631450         2015911833       8978118911  2644321313     18271158131452231088
3131028182        1993225452   2199132196   9374110204    1876216551 3107125236     6812746520         2826219420        2352965847 1879216193
1364829711  2976329901        1257090594   1863425472    3239114604     2487491137   2036329301       1429532168 2250188502 1566510753
2497062872        2125265762         3022139642        7038985325 2825184247    2082596761      2270112193    1611820822       3061419567    2915123015
1547727616    1837328652    1293330137        4987294451        2240926463       1254917469        1788911447   1739822279        2016923271 3004821051
2324525508         7542481101         2052813234     1069717612     1550243531        2548410182     2554721577        2791810866        3388189157    7462266331
1719213985      3243924626      6582135781  1338144222    2876111056   2445911622   1949725892       2807074872  10103475011055534341
6748565110     2035531001      7448252001         1473629141 25449254364872810636         1242020710         3010917984  1254917469    2903320881
4098278302    19810115992582456012     1098710761         1863114589 1004093138 1147712002      2903320881      1316131172 1909513525
2681624230         2455578151   1767346641   2902219413         2936112896   1710336902    2674022044  1190336762  1439837602  5177138772
1055534341     1124713584    2681979751        1712423941     2394118477     2223221422       1609054272 2945866023         2045011173       2197410711
4769304701         2088814146       6693087525        29681184902938310133   2041826489    2476649441     1639823146      2210415084    9220311113
1273718028 5565380575        1107223400 5967244084  1345214008     3018821763   1993225452 2165926292      5556199310   2368286922
2800927157 1986612949         6021116621  2111236502 7262401303    2922128470     12079287689166168931      3266232757      1840314972
8153132324       2775320899    1986612949  2229629855         12455141972097222830   3239148933     2082596761      3580133172   1837328652
2868519090         71722529992412524118  2741560853      2017840423 1258124399     2266357062         2490128442    2989127200       2775320899
3753161391    4182253911         20600524912027819489   2447431920       3077164112      2319620222     2663024114        18805287911628212455
6652239363         31310281821450743601         15787314908714269462        1654148333  7542481101      7900191878   1439837602       2369923188
2870412835 2677715573 9576302271   2965779586       1937530093         2412524118      1439837602      1261119019       1967715969   1837328652
2582456012     2088294312        2007821724      1937530093       27982481412800180873     8194987623      4940208511   1342859129     1190336762
4678225932   33432259321119159738      1764172312   2826219420    3192825423        1397126264         7900191878   2807074872     3055630974
86813652872590327005        3010917984  1329033351    28118243903684916817         1916177461  2626027189      1955823646    2027819489
1011612249        1981522888      2942615871   1122415748 3684916817  1084413049      4213271092      2230720997      3246913930        2178728532
3268525313      1302229617       8394301801  1490228255      1910511807 6693087525     9248260182  20968325125602319072   8707205022
1985499902         28869581471293323779 1788911447     2422711197   2501115601      3267817521    7229206521   7479182382       1107223400
2275871645    5302461121      1869611585   1637116760 2775320899   13428591291218128503   2408419954     1132355372      3102023694
3198123302        1338144222      2250188502       1205316962       2929259971     2085526363       3753161391 31310281821543196581   1629022974
2805313043    2681979751    2315218630     13161311722682126122      1598770422         2047424773       1136931244        2122117582     2582456012
3262774989  7882170862    2348110122      2258721398 6064293092       74482520011035321416     3831193693         1153129962     3902153292
3149377408         5021287452      2636319552 2582813851        8486345520   8719267902 2826219420   1349076043     1716828315 2266357062
2697930971         2266710048    2154325347        4872810636  3268525313       2353083319    1339213210     2442932404  2927117945    8075179131
5844326091        2003291301        1750527593   1871619718 1917219864      1910511807        7195506515         3684916817         1055534341        1254917469
2629917035   2733821963 1764172312 1748229447     2680681661        14243734921399821083  1615260911      30338216412927117945
2503300662       2805313043       1865110021   1473629141         1134260832   1543196581 2811824390       1587293149       2396710816     1147712002
2544925436        2929259971       1907262705    1396634303  1073714091 1205316962  9156560217    19396162256840125701    1609054272
1411967413   2888839173     2041826489         2078318035      2088814146       2179466089   2623286649       3042227666         1293510481 1659088232
2032629011       1289031163         2868019926    2737210293   2505827577   2230720997   2554721577         1594428651         2447431920         2468412779
3246913930  8563210282      2045011173 2210687521         2682126122    8184707528        10635164323131028182    4186196901         2082596761
2976329901       2807426431       2650019169     3274531762     5844326091         1000416337         2630816944         2548410182      2041628286   3227017632
2366122659    13169238312789224389     1000416337  4460474697      4141235881 1702272402         1771318958  2733821963     2496114199
13037392515602319072 1507524515       4141235881  2007212818        1399821083    2122117582         2644321313   3268525313      2383824828
7262401303  2504374221         2916890032       1177731348       2446457052  2402127348  1728227007    1131182301    1306114181 3081459948
1218128503       24599201236511227412         2477483802   3102848029         1941202898 5021287452      2998617651      1011212717   2078318035
1329091611  28520690212595165411        25011156012510210032        1627925996 1879216193    1477111538 1401369426        4313243553
2366122659 1881994332   2772628666 3004821051  6511227412   3169013162         28520690219961491299         30188217632078318035
2145917825 1424373492      3178323850  1694822062  2307235911    8925432464        3087720424       1124713584   2663024114  8146306939
1069717612      21221175821869611585  2507220426  1261119019      1928170859   6582135781    23073788235967244084  2248317807
9111163510   1892136981         1606021901 1140022816         41412358812539528641       4678225932         1479815281    2197410711       2403332029
2049382179   1167223439 1546922912     2486510938      2155524917     1194248275  2798248141     32439246265602319072  1853812292
1634543803         1926901047        2554721577       2041826489  1697221457      9166168931    1345214008         1837328652       3181130931        3246913930
1293132544 1621631450   2878232203    1955823646       8714269462  5006132622       1656516036     2848621196     2686713189    4186196901
6511227412 1424373492       2420896462     86838213237542481101    3246913930         1757883651   7627480240    2095243651     1977915993
1084413049  1712423941   1114930931         1656516036     57521375813127619790        9232750252  2007821724     2403332029   7479182382
3019118007  3127619790       2060160772 25992013643155232074   2920021080  1939616225       5764874136  2002426154       2241330974
3107125236       5844326091       4919177802   91565602172807074872   2032629011   2104715942    1967715969   2643452042   2744623805
2733821963   8492142172         1775246422   2682126122   2266357062  1349076043   1267740677     175899858217029975131515252692
1816633961 6932256191 2861418598    1830017954     2047223622    2353083319      1836107973      19314186511869611585 1261119019
1316923831  1238217421    2066730836 3052726251   1700686702  4041360224    1892136981    1515252692       2447227152       1996413405
1748229447         1610524488  1977019022      5302461121   3267114571       8360133302     1448619199       2826219420        1836107973 2448482814
2420896462        3149377408        1774298592        8779309102       4141235881     3193415205  2199132196 1303739251         1073714091    1664119855
1254917469   1754618678  4639296582       1977915993   1891610019       2852248823 91661689311450743601   31981233029576302271
1926422648         1879216193    11903367621174965103    5131301141   1398528289     4319958594   2006125385        18651100212395549782
1702272402    8978118911  2582429334 2986630953    1350930300      1164717432 1556844221     32356607222275871645   1720626578
1831891351     4182253911         23840676612319620222        1369424668      2006125385    1788911447       1916177461     1940565403  1443173118
31196219487262401303     2369219771     30556309742888839173        6582135781        7514101685   7072295520    2006125385 1578731490
3340134878         1556844221        1481112412    2201814776         2389322630  2007821724  2027412993     1830017954     7518817717   2789224389
1119214541  1910511807         9374110204    3071428164 1084413049     1865110021 6459206431        1452231088     3077164112       2626027189
6840125701         2110981872 3055630974     1072224271    2049382179    2548410182        9815269492      1398528289  3146162341       2275871645
1349076043      2916890032   1139316704     1084413049    2485513142 1926901047    35451359712929259971      2088814146      3265132765
4580148755 1278123937   2629917035   75424811018707205022       3093136086  2448482814 2315218630       7720268352        8387134442
2976329901 6135180081  3235660722  2665327936 1227918283  2007821724      1593449129   1668712529        1863425472         1170131316
1131182301   1587293149   1479815281         1892136981  3270724245        3340134878        1961118990174822944783871344422813514697
1914937302     3262774989      1955728962        7616189351         31339231542883166218  1382930900       2066312259       1289031163        2501115601
2328116827        1869611585    5716105733        3030362241   2510210032 6359276242        2154257211      2733821963 1183721892  3022139642
1072224271         7670205382       2045011173   4038189364   1993225452      2315218630    2800180873  1119276052        9492565128     1891610019
1932319532        1132355372      2315218630  1827115813     1338144222    2650019169  3447502118       1167223439    15814327182048213552
2599201364    1997631329       2250188502     2925018058       2085526363         1238217421         2759479501  1054253451    3141819897      3265132765
1985499902      2088814146  4031120522 2258721398        2111236502    4460474697 6038185887       2078318035     3217020315     2880114723
1547727616     2802221681    6101017149  1272317982   28262194202365515574    1207928768 2772628666        1578731490     1575926702
1502231812  5844326091  7542481101        2485513142       2082596761         3274531762    2035531001    3855673495        3548196291   7021436413
2111236502     4118467633  2047424773     1981011599       3193415205   1401555652        1401369426    2680940842         8681365287     2877318470
5967244084         4041360224        1339213210         3199810322  1207492536    2261923971       2248317807         1594428651        87192679021572411478
7128184345         2839675726       21112365023252512648       3220921630         2421143106       6693087525  3831193693       1765932498     6840125701
1132355372  4287269918       1917219864 2623286649       1915611511        1931418651         50494681152575930189         1146227611    1797526250
2807074872 1870311027   2822320594   2681979751  2789224389       49667376132082596761       2870355664  7711282536    2322419082
2479118661 3829237752        1816633961  1774298592 1207492536       2445911622     7514101685         1514519353 2575930189        6135180081
125709059411369312442384414162 2286726153    2973167477      2626027189      7586138678   1621631450       1916177461    3262774989
2061510904 2799912504        2179466089     31461623411507524515     5764874136     1338144222  2286144349    1105879269  3275620807
2681979751 9198270321  1710336902       2210687521     2156222885     1386522214  2412924229    2404124423 1303739251  6135180081
2463718413      1700686702    3163516857        2913018846       2446457052     2162428019     2955625561        9492565128      12821365335075107122
22501885021004093138 2644321313       26798321792965779586         2848621196      16742221942868519090    20259190081993225452
1914937302 7518817717        1069717612       7129216155  6582135781    9072103802  2603126268         1750527593      7864294218  2775628321
8719267902     8492142172         17713189581552914788       1712423941     17421234451831891351   3227017632     32662327571769152628
2385619490     1926422648      2961448602       3343225932       1042230774      1935723246         4141235881  1035321416 2686713189        2384067661
3039302122 1125833587     2041826489        1594428651  3225529065     2599201364 1170131316    1069717612         2733821963        3110124393
28888391732162428019    3110124393        1985499902     2666715282 1926901047     2154257211    2281395141   1928170859      4987294451
1342859129        2078318035       2328116827         3222615185  77202683522372924081         1119276052       1448619199         8360133302       1196928978
2644321313    4575876295   2775320899    2003712859    1827115813    2036329301      1656516036  2775628321         2066312259        1758998582
4940208511     2236377213  2622229331       9156560217   3155232074       2291311075      26787327141009220121   4693468630    2365515574
3022139642  19161774611207492536    2903320881 2307235911       1914937302 1702997513     24970628721326110195       1710336902
2097222830 2036329301      1869611585         6540767923         1042230774     2220540269      1863425472         144602242827446238053105627606
1507524515      24750614931000812941      19357232461050810080     2141113713      9961491299        2963260724       2018323589 1878799051
7441951230       1068783461   5556199310        2842327531   2629917035  1473629141      2475061493     16269357852154730502     9220311113
3155622798 1813229956    6407122952   2165926292  2281395141        1009220121  3198123302        21184280741993225452     3548196291
236855194829022194131515252692       3198273282      1131182301     2027819489     5662216341 1170131316   2868019926    2007327504
8909322099   1398528289        1928170859         4460474697   2852248823  2447428633 3093143433        1575926702       2582456012 2554276192
1961118990         1908172231      1997631329       1433322925    2118428074  2775320899       1502231812     20450111732680681661   2468412779
3243924626 2650019169        2963260724  2048213552   7922236131  3102023694  2291311075 9961395964        2796710208       1029130836
1863425472        1124329929 2368286922    3270724245     129313254424604462323855673495  2505827577 1164375341    1628212455
2376285832         3107125236      1937530093       6459206431       2032629011     3167322386 2017840423       25992013641502231812     2041628286
2681624230     4031120522 3252512648    6038185887  2369923188         22296298551570863694     16878141405699355728        1084413049
4975153930      6840125701  2878232203         2442932404    5220146152    1915611511   2395549782   2681979751     2307378823  1035321416
1674222194      2951047452        7900191878     2829612673       2548410182        3052726251      1460072782      2071835031     5764874136 2490128442
1010347501        2178728532   2155524917 19895544721722631203         2307235911       1140855459         1293323779    2870355664  1496425710
8563210282      2097222830       3054827273    8616575020      2861723757     1293323779      1303016413       1609054272      2003712859       1598770422
72622223353119621948      7922236131      31286130641863425472         1316131172      1879216193     2442932404     8055339387    5662216341
1775246422     3258824710      2384414162      2903320881         1788911447      8723974127      19801228509277732019      32671145713235660722
4118467633         1547727616      9220311113    1329033351        2554276192   2697930971  2154528712     2922128470         2475061493    8976184555
2455578151     2095243651       1790229873  8421175305       106878346120183235893268525313      1303016413         1439837602   2220540269
1227918283 2027412993  2475061493       2677715573        2622229331 1630316634       28689261132071835031     2822320594  2962117095
1609054272     2845826612     96012832324449169256         3159119949       2111923152     3030362241     1774298592 2842327531    7531314958
2578321286  4611319472       1985499902       5131301141    1004093138 18610495161868430792  7296991615 1702272402     2772628666
12890311633061419567      41412358811610524488  1227918283     8360133302   3167322386 1668712529         8492142172     1627925996
2468412779    1046612044       7783168287       1273718028         2772628666     3071428164         2179466089     8805323723      7900191878         2459920123
2643917253         2095243651  4287269918         2141113713 2322419082         1926422648       1788911447        1396634303    8838148447   1329033351
2775320899    1915611511     2066312259     5699355728         1153129962      702143641320072128182016923271   28082195411054213063
1273416372        3102023694 7720268352      2496114199    2372924081   1388254028      2938310133      6202811650    2861418598    2108523390
4886188752 7711282536      3169013162   2266831068 1980122850        2674022044 2007212818       9492565128 20667308362041628286
7072295520  2929259971  3239114604       1608014868    1207928768  3447502118      7492619328        2412524118       2681979751   1853812292
1697221457       2733821963    1433322925 2876111056  2903320881      3831193693        1792224512   15890672922154257211         1739822279
2248317807    7391102023  7262222335      2061510904 1250310861       3246913930   1254917469      93741102042421143106      1935723246
21547305022868519090    21441644633487295771       2286726153        2376285832   3136115264    9166168931      1514519353 2824594673
3902153292         2573418114       2690914902 1615260911    1190336762 1980122850      6038185887        1876216551      93741102046812746520
2178728532  1069717612 2199132196        3042227666    1462520113 18691991223178323850    2412524118      1774298592       1694822062
2742861044        3252512648         7172252999        1316131172      29876191782870355664   6540767923       1836107973        1231962722       3265132765
9930139772        2348727196      5108211131    2826219420      1949725892       9273258411     1977019022     1899010002   7200507118     2154257211
1029130836    1098710761  5021287452       2408419954     2807074872   7462266331   3192825423      7591670431   1132355372        2394118477
2920021080         15708636941556844221     2286726153       1589067292 1674222194      2210415084  1527919882        1765932498     7586138678
2061510904   3580133172        2733821963     2112134764     2811824390   21548648322651714629      2412524118      2060160772     1764172312
9815269492         3246913930       1119159738      2475061493      1563258349      1349076043  51771387722322419082   1621631450 1958920798
3265132765  2243129082        1704031531     3105627606      2976329901         8793343221         2307235911        2956015147    2264021979     3133923154
1411967413      2236377213  4098278302       1401555652         1119214541     3033821641      4182253911       1388254028   1702997513   2625256275
2643917253    31250186868023321791 1303016413  1150169412   7355132893   1068783461         2047223622         1702272402       1267740677
6038241791 18819943322599201364     2078318035       1880528791   2004026488      1535015006         2145917825      3146162341       1832209454
1993225452   2507220426        7627480240       2942615871      1642350021  2141113713     4213271092       2261923971  3132230333      1190336762
3033821641        1750527593   3199810322        1924110232        1519911785  2067157861 1879216193         2743288961    6101017149        7229206521
2576018896         2219018422    1011612249      7479182382        3087720424        1388254028         1084413049 2800927157  12821365333107125236
89282949213684916817       1329091611        27999125042243129082 5049468115    2325819047  4041360224  1511716215         2408419954
13186831343136115264    2961448602  1145518762    2643917253  7021436413  1397126264  1424373492         5764874136 2490128442
2412924229 11903367621258124399     2690914902         1989554472   2811824390  5565380575        1035321416  2475061493     6101017149
2111923152         8779309102  2603126268         27892243896840125701        2590327005        2447428633         1956986382       2003712859       2793869003
1289031163 2060052491      2877318470         1870311027      1147712002       4565655989 2111923152 2275871645      1194248275  1674222194
7783168287        1448619199   4118467633 24484828141170131316       7038985325 2670513874       1527919882       2868926113   3127619790
5565380575    9462327032        2955625561  2490128442        2178728532       3260714196       1899010002       19135250512007821724    4118467633
2998617651 2066312259   2501115601  2793869003        2865025983  1993225452        1011212717       3133923154 32707242451987711382
2916890032        2686713189       3149377408     6038241791   5021287452  2772628666       9220311113   6101017149     2384067661   1046612044
8492142172    17421234451593449129  1702997513        1813229956       2307235911   8146306939     2016923271  79582472222989127200
2945866023         4919177802         222322142210737140911054213063        1011612249       1068783461  2110981872 2266357062      2647744149
7072295520 1892136981   1119159738   1364829711      1273718028   2913018846       2763327037  1876216551      2005391210   1967715969
7128184345         2868519090         2742861044       2025919008     7781231630         1136931244        1637116760     5556199310      23682869228563210282
2096832512     3000321945        42872699181882314485    234872719621542572112363929515 3169013162         23685519482603126268
11701313162935826962      8925432464     30548272733167322386  16878141402762129993     1477111538      1935723246         3119621948
8184707528       8075179131         1863114589     2599201364      8714269462       1771318958        2327123869       2446457052 1830017954       2697930971
3829237752     18691991221695523183       7586138678  2592812097        3071428164 2307378823    1941202898   2048213552      9166168931
2677715573      1009220121    1626935785    2270112193    7586138678         1771319793   1063516432         79222361316705206262      3155622798
3829237752        1579017232    2369923188        1282136533         2554721577    17578836512677715573      6101017149        79582472228890167176
3340134878 3087720424      3497232432      3022139642      3192825423     4313243553   6693087525    1242020710         2798248141    3169013162
1119214541        3239148933  2447428633         2643917253 1142221098 1697221457     2533389310       26500191691729626281 6135180081
1464029174  1852931540         15759267021303739251      2708831426         1981522888    30221396421875611840      2352965847   3580133172
1452231088   4575876295  3155622798     2945866023       2363929515        2258721398        2865025983    6840125701    1609054272    1836107973
183220945421184280741448619199 3169218955      2008311420        3487295771        30931434339273258411      25760188961254917469
1416130524     4038189364     1695523183       1153129962         5938190376        1878799051    1955728962       3239148933     3222615185         1105879269
1250310861    5716105733 2240926463  2112134764         32170203151452231088       49872944513270231952   91982703212965779586
2763327037 7905104407      3220921630   1621631450 1388254028     5869143981   1637116760 1133715457    28650259834611319472
6907949128         2327123869     2325819047 81463069398805323723 1524838791   1594727124    51771387722363929515         1227918283
9789256053 6038185887       2681624230 2677715573        1881994332    1124713584         2670513874        2807074872    1194248275    1611820822
3100327432     3193415205       2368551948 2060160772  1882314485       8890167176      3169013162   2775320899      2862103961         2961448602
3258472403      2582456012   19854999022008311420 8387134442 19976313292936112896     2201814776         3133923154    3266232757
11323553723064895231    1000416337 7900191878  2775320899       2670513874       2018323589    2791810866     57648741361231962722
3042227666  4940208511        1989554472 8616575020       1757883651  7038985325         1303016413  1620214971   3388189157      5049468115
4213271092   6202811650   2035531001        2281395141  3064895231     41822539113580133172  8723974127   2567864501    2925018058
2264626362     1207835852    1490228255         1000812941         3055630974       421327109212933237791627925996         5967244084 1697221457
1852931540 1924110232      1105879269     2363929515      2603126268     2682126122     1582615722         2951047452      7616189351     8826681675
2796710208        2088294312     2141113713  1980122850       3100327432  7711282536    2861418598 21543253474287269918    1977019022
2108523390   1702997513        7882170862      1907262705 8153132324  1996413405       2055622795     3258824710      4565655989     1578731490
2027819489         3155622798    2017840423         1840314972 2544925436    2201814776        1786114688  2507220426   8723974127     2036329301
1556844221    3061419567        3239114604     1009220121        2396710816       2060160772    4118467633     3033821641         2861723757         2530232683
9961491299      1881994332      2348110122        8681365287      1254917469         9010221712      10291308361011212717  2991658741    4182253911
7900191878        29426158713192825423   1340197891    87192679021232459637 1139316704  6064293092       1615260911  8978118911
87933432211774298592        2254994961  1063516432 1578731490        2045011173     3087720424         1011612249  1245514197 1396634303
1477111538     2007821724        20169232712808219541      2165926292     1837328652   2979014924         2595165411         9166168931     2395549782
3198123302    232452550828458266122661026177         4872810636   2196221080  1460626173      1439837602         2759479501         3107125236
1289031163         3169013162   2962117095       3252512648         2623286649    9156560217     1479024962  4693468630      1231962722    1694822062
71722529992325819047    1956986382  1939616225    1450743601 3855673495 1511716215     9961491299   3159119949    1981522888
7514101685      2324525508    18631145891318683134       2800180873         2868519090     1775246422      1997631329        1981011599   4565655989
1443173118      2485513142        2865025983  3447502118        2243129082   2035531001  2681979751    1769152628         2286726153    1967715969
3122628162    2369219771 3243924626     17861146887531314958        32391146041119276052    2570569621         2066312259        9232750252
7627480240       2998617651         2868926113       2045011173       2929259971     3580133172  871926790221109818721017813579 5108211131
9232750252  7922236131   9010221712  2663024114   2955625561 2743288961        8714269462       2412924229   2877318470       2230720997
2352965847     12074137222861723757         32439246261926901047     2230720997  2883166218      5075107122      2497062872     1170131316
4806122689   2199132196 6705206262 1125833587     27633270371145518762       2291311075    1606021901        2095243651 1424373492
8421175305       1150169412         4287269918      32756208072680681661       3388189157         6064293092   3093143433      7448252001         7038985325
7462266331         2733821963      3266232757         1700686702         2929259971    1836107973        2275871645  2663024114       2530232683       8153132324
3545135971   1273718028         1792224512        9374110204         2442932404        6705206262         7462266331     3159119949        3266232757    1329091611
3217020315     9374110204         6538313511     2265826302    1924110232     3181130931      2455578151  29510474522955625561     1231962722
2210687521      1000812941 2366122659   2292452010         2111923152     2582813851   2219018422     2935826962   5049468115    1072224271
17889114472322419082        2049382179 2781329174     2144164463        1250310861    1038314945        2826219420 2961790992    2286144349
1543196581      2154257211       3989932023        7531314958    2965779586       1386522214 1227918283    1955728962         20493821792045011173
8805323723        3246913930 3198123302   1609054272  15759267022503300662  1396634303  19357232461289031163    1949725892
6705647963        7922236131  2016923271         8683821323  1961118990   1813229956     3684916817        2666715282    4313243553      1450743601
6705206262 2554721577 7905104407 18373286527479182382     1524838791      5844326091  5177138772        2432632762    1626935785
1563258349  7172252999        6064293092  3258824710   2264021979    2496114199   4940208511    1659088232        2041826489     2501115601
1439837602     1881925722       1706310681   8184707528        1853812292         2468412779      2197410711    88266816751190336762      2477483802
1870311027        2560830568   2733821963      65383135112781329174  2825184247       2352965847    2372924081   2650019169  1131182301
2497062872         22701121932708831426        1620214971        1316923831    6101017149       1000812941         1706310681     4182253911   2402127348
3753161391    4041360224 3181130931 2503300662        6038185887         2088294312    3198123302        1629022974   1967715969      1949725892
6202811650      2595165411         2733821963        13648297116995105225  9961395964    2916890032        2986920142   9576302271  1706310681
1399821083      2681624230         1150169412         1178415565     2248317807       3268525313         8978118911         1702997513     2781329174     2479118661
2243129082   2486510938      4186196901   1939616225  3198273282       4919177802 1460072782        2252584835  2266357062        5006132622
2678732714 1659088232       11643753411069717612    12053169626021116621        22015268417531314958         1231962722   6038241791
2459920123     2108523390       2686713189    1462520113         3227017632       5602319072 9072103802     2252584835       20888141462612931240
9111163510     67485651101587293149     1757883651        5319992641  155291478816641198551581432718   2877318470 6652239363
1496425710  2003712859 28614185989220311113     6698558912      11942482752842327531    2419929105 4966737613    2468412779
3122628162   7514101685      1146227611      3055630974     2548410182 2154730502       23639295152078318035 9930139772     2504374221
2348727196        2680681661   2743288961         72969916152602124455      8793343221     1124329929       64392303129220311113       2210415084
15790172323093143433         7262401303     3211920577       9277732019   9515179642   3447502118    1303016413       2154257211   7905104407
3829237752       4580148755        2775320899    2108523390     2219018422     1712423941        12290212931556844221    49667376131861049516
2265826302     2554721577 1668712529       60381858871550243531 5319992641      2007821724     2315218630      7882170862    1231962722
16423500212018323589  2131816858        2807426431    1464029174 1700686702         1302229617  2463718413      6407122952     1835220448
1939616225  2178728532 10116122491790229873       9492565128   2385619490 3077164112      2156222885  6202811650         1140022816
3274531762 2325819047   1527919882 1792224512 2002426154      3059126803   2165926292   2368286922        2592812097         2327123869
3102848029      2154528712   1038314945     1570863694         1207492536       3548196291  2071835031        2681624230   8153132324    1136931244
2845826612    1824520386       7781231630        2622229331 1981522888 2007212818     1303739251  2799912504      2111923152         3119621948
2403332029        1589067292 3252512648      1769152628       3225529065       2554721577   2005520328 2775320899    29087276812004026488
1706310681 2998617651  1765932498      1177731348       9576302271 2025919008 1790229873      2578321286     18916100193831193693
1170131316        8838148447   1401555652        3246913930      5049468115      1892136981      2111236502     8928294921      2396710816     2456726693
1388254028   5097165122        2179466089         2697930971       1293132544       3159119949         1132355372   1218128503 95763022717922236131
1124329929     1917219864  1224431063         1489324648  1009220121     3220921630 3267817521    2666715282   1278123937  1720626578
2352965847   6135180081        26667152829273258411         2088294312    2002426154   3128613064       2052813234   1888225249        1261119019
1303016413       2865025983        7492619328     1227918283     3684916817   2122117582  3019118007     6932256191 2643917253       1009220121
3545135971        1396634303 2432632762  1114930931      2161740151  5006132622 28689261131004093138  1140855459      1338144222
2154257211         7531314958        8387134442      2394118477  1133715457      4287269918   2045011173    1620214971       3133923154   2284846751
8616575020      3561284892      1910511807 158813001410353214163252512648     3523317581    8890167176    2868926113  2418210285
1147712002     1627925996      2808219541    1145518762    2677715573 8976184555      1642350021        2811824390      3077164112    5565380575
3052726251    1861049516  1329033351        1609054272      1339213210      2690914902   1967715969    2663024114        1737122466      3125018686
1977915993     2829612673   3159119949        2877318470    2032629011     2968118490       1114930931        3003821388      12677406773141819897
1706310681 1720914972     5967244084      2154864832     2154325347     1316131172 1411967413   3831193693    24227111971939616225
2915123015 7262401303 1852931540        1742123445 1914937302    26443213131620214971      3061419567        2625256275   2742861044
2575930189  2097222830     13509303001125833587 7129216155     3081459948     31250186862576018896         2210687521       1910511807
1942628510   3193415205      28245946731769152628   2530232683   3303192328        1697221457         1824012164 2825184247       1524838791
2663024114      2505827577        8387134442    32255290652961448602 1830017954     7195506515    2047223622  2417618479   2376285832
1302229617 1668712529       5177138772     92482601821796827358     273382196328801147231132355372      2508728570       2775628321
7616189351     6652239363 2661026177   9273258411    23692197713167322386   2805313043       2807426431      26517146292015911833
1139316704 2236377213     1004093138   1664119855       83871344427711282536     1245514197      1329091611         24874911371594727124
5602319072   31461623412870412835 2144164463 1054253451         1411967413  1836107973    2802740841      1633618337  2292452010
22663570621443173118     1502231812     2005520328       2541121025     3136115264  1659088232     1448619199   1837328652         1073714091
2445911622  2554276192  1054213063   92203111137711282536 2496114199      4182253911       2965779586     25043742212327123869
2587424372    2903320881         1865110021   1524838791         1812746737     4580148755 1275014007   83601333022003291301        3131028182
7462266331        18823144853198123302       1275910393    2284846751        1245514197        1152147515   163711676016948220626812746520
2829612673    1628212455    1868430792 1704031531     2708831426   1824012164   2201526841      1881994332         1125833587 3487295771
15787314901836107973     1958920798      5000542175   1429532168        1987711382   3004821051        1519911785 6064293092   1659088232
1771319793 8707205022        2165926292      1993225452 1245514197     3260450321      1997631329  1063516432   1610524488 2241330974
2805313043        1909788802  9601283232      1977915993     1949725892     2487491137         9492565128    9815269492    1813229956        3303192328
2258721398    1961118990         4639296582  2155524917 2041628286        1273718028 8707205022       2938310133        2082596761     1473629141
6538313511    2015911833        1891610019  2324564732    2456726693 4071248081     2178728532      1985499902    1207928768      2145917825
4565655989    8793343221      1812746737    4213271092       22924520101899010002    5006132622  1450743601      2805313043 1527919882
9220311113 2402127348 14771115381229021293 4975153930   2626027189   2935826962  1124329929        3132230333        3010690408
6582135781       2291311075       1792224512  2575930189      4141235881         1626935785 1771318958 30931360862036329301     1875611840
22355247672325819047     7103273522 202781948927938690032275871645        3217020315         2266831068         2412924229      1275910393
3260450321  1742123445    2961448602       1876216551         1824012164      27088314261611820822         7355132893   9220311113   1228727753
3258472403         2122117582        8055339387     2108523390       1147712002  1939616225         2007212818 25011156017591670431     3252512648
24472271521098710761         2886958147        1863114589        1293330137        1633618337        1489324648    20178404231868430792   2448482814
2636319552         2578321286        18166339612395549782    2643452042   1633618337      1004093138        3262774989      9961491299        1227918283
9198270321  8707205022     1170131316  2456726693      5556199310        1914937302       1615260911     1566510753    5565380575      2085526363
2741560853       3527116002  6038185887       2161740151 1450743601         11337154572403332029 1479815281      2663207223      1697221457
15872931494806122689      2554721577  30548272731824012164   10542130631868430792      5049468115       92611257824460474697
2201814776      9248260182 3018821763    1620226342         2324564732     1634543803     6407122952    1481112412  2141113713    1642350021
2422711197    1125833587    7152302711  1275014007       1303016413   3239114604        3181130931     3010690408     1702997513       1119276052
6064293092        2067157861        1626935785        3010917984         1853812292      2236377213         39021532922742861044 2505827577         2744623805
1969595731     7514101685    2111923152         1928170859    3447502118      1790229873  2811230695    1552914788         2066312259     3243924626
2603126268  6538313511        13022296172325819047 1046612044      2490128442     2602124455    2651714629        1446022428    1891610019
2799912504      2915123015         1915611511         1917219864  73551328931563258349       3022139642     2496114199      2539528641    2811230695
1335729337 2678732714      3497232432      2085526363       1611820822  3061419567       6907949128        2049382179        2016923271  7185302382
3146162341         1642350021   2680940842   1928170859        2554276192     13971262641282136533      2064026052        1739822279      1338144222
5340120769 1004093138       2842327531 281182439017742985922968118490    7262222335    2800927157    4966737613     2161740151
2805313043       2118428074       3198123302         21794660892270112193   1017813579     2922128470 1888225249         2576018896         1916177461
1000416337         4693468630       1479815281  2048213552  1630316634     1326110195    1626935785      7720268352        1224431063   3169013162
2199132196        16687125292510210032   2250188502     2496114199        3235660722    2822320594        3198273282    1207835852        1073714091
